Trying to generate tail with amp 0.4346142578 lambda 3.25203373 nlambda 2.263382888    refinement factor 1
   53      157    -0.00596486     0.0001221     Successful Poll
Trying to generate tail with amp 0.4346142578 lambda 3.25203373 nlambda 2.263627028    refinement factor 1
Trying to generate tail with amp 0.4346142578 lambda 3.25227787 nlambda 2.263382888    refinement factor 1
Trying to generate tail with amp 0.4345837402 lambda 3.251789589 nlambda 2.263138747    refinement factor 1
   54      160    -0.00596486     6.104e-05     Refine Mesh\Rotate
Trying to generate tail with amp 0.4346295166 lambda 3.2521558 nlambda 2.263504958    refinement factor 1
Trying to generate tail with amp 0.4346142578 lambda 3.25203373 nlambda 2.263260817    refinement factor 1
   55      162    -0.00596496     0.0001221     Successful Poll
Trying to generate tail with amp 0.4346142578 lambda 3.25227787 nlambda 2.263260817    refinement factor 1
Trying to generate tail with amp 0.4345837402 lambda 3.251789589 nlambda 2.263016677    refinement factor 1
   56      164    -0.00596496     6.104e-05     Refine Mesh\Rotate
Trying to generate tail with amp 0.4346142578 lambda 3.251911659 nlambda 2.263260817    refinement factor 1
Trying to generate tail with amp 0.4346295166 lambda 3.2521558 nlambda 2.263382888    refinement factor 1
Trying to generate tail with amp 0.4346142578 lambda 3.25203373 nlambda 2.263138747    refinement factor 1
   57      167    -0.00596496     1.526e-05     Refine Mesh\Rotate
   58      167    -0.00596496     1.907e-06     Refine Mesh\Rotate
   59      167    -0.00596496     1.192e-07     Refine Mesh\Rotate
Optimization terminated: mesh size less than options.MeshTolerance.


single code rerun for above best
refined interp tol, timestepping tol
power_eff =

   0.005919179435859


refined interp tol, timestepping tol, and BEM tols
power_eff_1 =

   0.005904961511709
   
   0.24 % change due to only BEM tols
   1 % change due to all tols
   
   power_eff_refined_interp_only =

   0.005970293317291
   
   0.09 % change due to interp tol refinement only
   
   
   
   power_eff_refined_timestepping_only =

   0.005916108877496

0.8 % change due to timestepping refinement only

Trying to generate tail with amp 0.6069580078 lambda 4.355793495 nlambda 1.370594802    refinement factor 1
   55      157    -0.00616152     6.104e-05     Refine Mesh\Rotate
Trying to generate tail with amp 0.6069580078 lambda 4.355549355 nlambda 1.370472731    refinement factor 1
Trying to generate tail with amp 0.6069732666 lambda 4.355671425 nlambda 1.370716872    refinement factor 1
Trying to generate tail with amp 0.6069580078 lambda 4.355427284 nlambda 1.370594802    refinement factor 1
   56      160    -0.00616152     1.526e-05     Refine Mesh\Rotate
   57      160    -0.00616152     1.907e-06     Refine Mesh\Rotate
   58      160    -0.00616152     1.192e-07     Refine Mesh\Rotate
Optimization terminated: mesh size less than options.MeshTolerance.

X =

      0.60696
       4.3555
       1.3706


Fval =

   -0.0061615


   refined interp tol, timestepping tol
   power_eff =

   0.006156182697954
   
   
   refined interp tol, timestepping tol, and BEM tols
   power_eff_2 =

   0.006156614309777

   
   0.007 % change to to only BEM tols
   
   0.08 % change to to all tols
   
   
   
   
   
   
   
   
   
   
   curved rod     patternsearch
   Trying to generate tail with amp 0.6286090088 lambda 4.29887207 nlambda 1.333266602    refinement factor 1
    -0.00656911 

    
    
    fmincon
    X =

   0.441552523194058
   3.053150512383059
   2.201091702296572


Fval =

  -0.006217085055195
  
  5% worse than patternsearch