bodies = {...
    [1 0; 1.5 0; 1.5 0.05; 1.5 0.1; 1.5 0.15; 1.5 0.2; 1.5 0.25;...
    1.125 0; 1.125 0.05; 1.125 0.1; 1.125 0.15; 1.125 0.2; 1.125 0.25; 1.125 0.3; 1.125 0.35;]...
    };
    
    [SF1,SF2] = ndgrid(2:0.5:10,[0 0.05]);
    
    bodies{1} = [bodies{1}; [SF1(:) SF2(:)]];
    
    body_tails{1} = [1 0];
    
    bodies{2} = [5 0.2; 5 0.15; 4.5 0.15; 5.5 0.15; 4.5 0.25; 5 0.25; 5.5 0.25;  4.5 0.2; ...
        5.5 0.2; 5.5 0.15; 5 0.15; 6 0.15;  5.5 0.25; 5 0.25; 6 0.25; 6 0.2; 5 0.2;];
    body_tails{2} = [5.5 0.3];
    
    bodies{3} = [4 0.25; 4 0.3;];  body_tails{3} = [4 0.35];
    
    bodies{4} = [3.5 0.3; 3.5 0.35;];  body_tails{4} = [3.5 0.4];
    
    bodies{5} = [3 0.35; 3 0.4;  3 0.45; 3 0.5;];  body_tails{5} = [3 0.55];
    
    bodies{6} = [2.5 0.3; 2.5 0.35;];  body_tails{6} = [2.5 0.25];
    
    bodies{7} = [3 0.75; 3 0.8; 3 0.85; 3 0.9; ...
        2.5 0.75; 2.5 0.775; 2.75 0.775; 2.75 0.8; 2.75 0.825; 2.75 0.85;...
        3.5 0.8; 3.5 0.85; 3.5 0.9; 3.25 0.925; 3.5 0.925; 4 0.95; 4 0.9;];
    body_tails{7} = [3.5 0.7];
    
    bodies{8} = [4 0.4; 4 0.45; 4.5 0.4;]; body_tails{8} = [4.5 0.45];
    
     [SF1,SF2] = ndgrid(7.5:0.5:10, 0.8:0.05:0.95);
     
    bodies{9} = [SF1(:) SF2(:)]; body_tails{9} = [7 0.85];
    
    
    
    
    